# twoje wyniki powinny zawierać te komentarze
liczbaAgentów=100
prawdZarażenia=0.6
seed=7
prawdTowarzyski=0.2
śmiertelność=0.002
liczbaDni=100
prawdSpotkania=0.4
prawdWyzdrowienia=0.001
śrZnajomych=30

# agenci jako: id typ lub id* typ dla chorego
1 zwykły
2 towarzyski
3 zwykły
4 zwykły
5 zwykły
6 zwykły
7 zwykły
8 zwykły
9 zwykły
10 towarzyski
11 towarzyski
12 zwykły
13 zwykły
14 zwykły
15 zwykły
16 zwykły
17 zwykły
18 zwykły
19 zwykły
20 zwykły
21 zwykły
22 zwykły
23 zwykły
24 zwykły
25 towarzyski
26 towarzyski
27 zwykły
28 zwykły
29 zwykły
30 zwykły
31 zwykły
32 zwykły
33 zwykły
34 zwykły
35 zwykły
36 towarzyski
37* towarzyski
38 zwykły
39 zwykły
40 zwykły
41 zwykły
42 zwykły
43 towarzyski
44 towarzyski
45 zwykły
46 zwykły
47 towarzyski
48 zwykły
49 zwykły
50 zwykły
51 zwykły
52 zwykły
53 zwykły
54 zwykły
55 zwykły
56 zwykły
57 zwykły
58 zwykły
59 zwykły
60 towarzyski
61 towarzyski
62 zwykły
63 zwykły
64 zwykły
65 zwykły
66 zwykły
67 zwykły
68 zwykły
69 zwykły
70 zwykły
71 zwykły
72 zwykły
73 towarzyski
74 zwykły
75 towarzyski
76 zwykły
77 zwykły
78 zwykły
79 towarzyski
80 zwykły
81 zwykły
82 zwykły
83 zwykły
84 zwykły
85 zwykły
86 zwykły
87 zwykły
88 zwykły
89 zwykły
90 zwykły
91 zwykły
92 towarzyski
93 zwykły
94 zwykły
95 zwykły
96 zwykły
97 zwykły
98 towarzyski
99 zwykły
100 zwykły

# graf
1 97 66 54 68 12 5 13 9 59 48 38 75 80 16 51 84 64 30 93 11 14 58 22 39 28 49 67 47 42 6 15
2 51 93 25 98 94 21 91 49 75 85 81 9 86 73 14 68 87 46 43 29 26 30 13 23 16
3 92 97 84 35 99 17 47 57 28 70 58 18 7 42 16 74 39 83 15 4 25 24 27 10 23 96 86 66
4 84 82 19 32 48 31 38 81 13 97 67 21 80 78 60 93 56 63 11 70 69 74 28 59 53 3 49 30 52 18
5 86 7 95 80 44 17 1 19 50 73 28 16 40 70 26 22 23 45 8 98 79 34 87 14 88 48 32 15 67 18 31 29 81 24 64
6 17 88 38 93 9 65 78 52 19 99 39 63 56 21 54 60 37 29 51 90 27 12 22 98 64 20 75 7 70 97 18 45 53 48 1
7 48 5 31 34 88 87 100 8 60 66 3 36 86 79 45 33 25 30 91 32 54 19 16 28 95 6 64 46 62 35 73
8 51 19 89 65 9 60 63 99 7 87 21 50 83 88 61 95 29 42 48 59 71 64 5 36 94 52 10 47 98 78 18
9 61 8 26 81 6 100 1 98 12 77 14 2 39 32 45 34 66 17 65 36 41 49 11 72 97 68 46 80 70 35 91
10 93 99 81 98 54 29 28 31 65 32 90 16 69 41 80 78 86 55 42 49 77 21 91 71 57 76 30 72 67 8 66 19 51 20 26 3 83
11 59 89 44 29 32 35 31 51 60 16 77 83 94 85 18 4 70 24 61 40 15 79 90 9 17 1 69 39 81 53 46 65 37
12 17 27 44 79 1 31 35 47 9 61 83 42 85 90 56 13 6 19 45 18 38 92 39 76 36
13 26 18 44 66 16 52 45 1 69 4 50 36 87 77 63 95 74 12 62 38 89 97 20 80 61 85 2 58
14 50 94 89 45 74 76 9 71 2 85 27 98 60 29 20 37 25 23 5 61 62 52 1 91 77 26 70 46 30 36 87 59
15 37 66 95 39 64 40 58 21 56 79 38 35 29 72 86 22 20 77 31 19 83 11 3 67 5 92 17 36 50 96 74 60 1
16 82 61 13 18 44 91 95 22 40 10 94 86 11 49 47 55 5 90 92 89 3 1 60 66 27 37 75 76 7 74 30 100 50 38 56 97 70 45 79 2 41
17 67 34 12 74 36 6 21 28 44 87 73 5 3 45 95 27 48 84 88 9 33 58 54 50 11 97 46 56 69 98 15
18 86 13 24 79 59 30 52 16 29 34 91 60 75 3 98 22 43 11 68 88 12 36 72 62 5 6 63 100 21 4 8 64 89
19 60 80 8 4 45 75 21 90 51 6 5 100 30 91 89 73 96 25 53 74 12 57 77 92 15 23 7 39 10 22 24 65 33 95
20 38 51 47 55 40 22 65 26 61 49 64 85 63 52 28 50 39 93 14 27 89 15 6 97 25 41 34 67 33 13 69 83 10 96 81 35 32
21 57 38 94 17 40 86 2 19 69 71 97 59 78 75 4 8 6 73 54 10 64 15 33 55 28 27 58 82 72 100 87 98 79 96 80 22 74 66 83 18 46 32
22 41 74 82 20 79 78 16 45 37 67 57 18 25 6 5 62 15 33 34 35 21 1 19 76 65 49 29
23 28 83 37 36 34 93 42 74 29 78 58 67 77 55 64 5 41 14 19 45 61 32 96 2 38 87 3 35
24 50 52 48 18 45 86 62 77 97 49 44 69 56 89 87 60 63 40 11 35 58 3 59 73 19 5
25 74 28 44 2 59 99 61 45 56 33 38 22 19 36 7 14 20 91 3 64 48 52 67
26 58 46 13 9 81 20 64 5 76 34 2 90 14 57 36 10 39 44
27 12 88 44 29 92 56 36 79 38 98 17 43 14 48 6 89 82 80 73 58 21 20 53 16 37 65 70 86 62 40 3
28 23 25 10 95 17 61 73 57 32 65 3 5 38 20 21 74 84 48 82 39 40 36 4 91 7 47 30 87 93 80 55 85 1
29 72 88 67 10 94 34 86 89 90 53 27 23 36 18 49 87 68 57 11 69 95 6 78 61 30 8 55 15 79 14 44 75 98 2 33 39 45 56 5 84 35 22 97
30 70 18 51 66 92 71 94 19 59 43 48 29 75 1 7 36 85 49 10 93 2 39 87 4 16 28 14 91 69 83 54 88
31 69 59 87 7 10 4 12 11 83 100 64 37 38 15 96 80 58 89 5 45 76 86
32 34 95 4 83 10 50 84 75 41 65 28 89 37 11 55 9 54 36 82 44 97 61 76 7 94 5 23 53 58 21 20 93
33 83 43 60 62 48 72 25 93 88 45 71 34 21 85 40 17 65 69 7 22 78 47 70 29 49 20 41 75 84 91 19
34 32 17 23 29 60 75 7 76 18 53 50 39 79 33 52 72 9 62 83 77 5 22 93 20 26 80 97 94
35 98 90 86 97 3 12 11 44 63 68 46 15 56 53 79 24 22 91 88 47 83 7 9 20 23 29
36 23 17 51 53 29 73 67 93 27 64 88 13 90 87 7 32 75 44 71 68 25 39 30 9 8 18 28 83 95 74 77 15 94 26 12 14 46 80
37 23 93 43 15 58 44 84 94 74 54 32 90 22 50 6 56 96 31 38 16 14 68 27 91 78 11
38 20 21 6 67 72 80 4 75 27 25 90 1 42 58 28 15 79 13 31 47 37 97 46 65 100 12 51 93 60 48 16 23 78
39 45 47 40 15 93 61 57 42 6 34 9 77 20 48 44 36 82 28 3 52 29 19 12 90 11 30 1 100 83 26 55
40 39 20 21 88 93 16 91 72 15 59 84 5 33 65 24 99 64 85 58 28 11 96 97 62 66 27 46 98 100 61
41 22 90 32 50 68 10 83 96 58 80 78 57 87 23 93 9 100 20 75 33 54 76 48 86 63 16
42 23 95 67 39 83 46 12 10 64 51 38 82 62 3 8 52 97 59 70 47 43 86 91 1 75
43 37 49 33 89 47 86 27 30 55 18 97 59 58 66 2 99 75 42 96 70
44 73 94 25 84 13 12 37 5 17 11 27 16 97 80 24 35 98 62 83 72 36 29 48 32 39 49 64 63 86 89 92 26
45 39 62 19 98 14 24 13 53 22 48 25 17 50 79 33 87 95 9 58 12 7 5 89 90 74 92 72 70 23 57 78 66 76 29 6 31 16 81
46 61 26 77 95 63 84 87 66 68 88 42 58 35 47 80 76 2 38 82 51 54 85 17 59 14 7 40 9 21 11 36
47 39 20 98 96 3 94 12 43 90 16 76 46 38 66 33 42 35 28 8 48 62 72 71 1 70
48 7 79 24 84 67 91 68 63 100 33 4 57 61 45 77 1 17 66 27 30 85 69 71 96 8 39 44 28 62 5 56 54 25 38 47 49 6 41 94
49 98 43 65 2 29 70 93 20 67 78 57 88 24 77 16 10 91 89 76 30 44 9 33 94 4 100 53 73 48 71 1 22 92
50 74 91 24 55 14 32 69 54 41 99 5 66 13 81 45 8 37 34 95 100 80 56 93 20 97 59 85 67 82 17 61 16 98 15 86 63
51 8 2 99 20 36 53 30 63 19 73 11 91 42 72 6 88 1 67 52 85 79 98 46 95 55 38 76 10 58
52 24 18 13 53 80 88 6 93 70 54 20 34 42 51 89 73 39 8 14 4 25 63 98 81 72
53 84 57 36 51 29 96 52 45 80 91 56 34 88 19 73 54 55 75 27 85 35 95 4 11 49 32 6 63
54 10 1 79 59 58 50 85 37 96 86 74 67 6 52 21 32 53 7 17 46 87 73 48 41 88 30 91 80
55 50 20 99 62 72 32 10 74 16 43 21 23 29 53 70 51 89 76 28 39
56 95 27 96 94 6 25 53 37 24 15 4 50 12 35 59 65 68 80 48 58 17 16 29 64 71
57 86 21 59 53 28 87 3 39 29 79 49 48 66 22 19 88 91 10 41 76 45 99 67 26 94 65 82 69
58 26 37 76 70 54 3 64 23 88 15 38 77 41 45 46 85 27 99 43 21 65 17 40 60 31 97 56 24 1 78 51 87 86 32 89 13
59 11 31 88 57 18 81 25 54 73 71 21 1 40 97 30 68 83 85 8 91 43 89 50 42 76 56 92 4 46 67 24 82 99 14
60 19 74 72 63 8 34 33 84 100 7 18 83 4 11 80 6 79 95 24 14 65 16 88 58 77 68 38 66 69 15 76 61 98
61 46 16 9 28 68 39 84 20 25 77 48 12 74 72 29 8 99 32 11 67 81 90 14 23 50 13 96 60 40
62 75 80 55 45 24 33 95 44 71 42 34 13 78 86 22 63 77 48 14 40 88 27 64 18 97 7 47 69
63 68 73 98 60 67 51 46 83 74 48 8 79 6 35 13 20 24 4 89 87 62 44 77 18 72 52 88 41 50 53 97
64 15 20 36 87 58 72 42 85 21 31 26 23 92 8 84 83 78 40 1 6 44 69 25 62 7 86 56 5 18
65 49 10 8 67 20 6 95 32 28 76 83 85 40 60 70 33 56 9 58 38 27 82 88 69 90 92 22 57 19 11
66 1 15 98 13 84 67 81 95 30 57 50 86 46 88 7 79 48 71 9 43 16 47 90 45 21 60 10 40 97 3 83
67 17 95 29 48 38 63 65 66 100 36 42 90 49 76 4 87 54 22 72 88 23 97 99 51 92 86 68 50 80 61 84 20 10 15 79 57 5 59 25 1
68 63 48 61 1 97 29 41 46 88 98 90 35 70 59 2 36 56 18 67 37 84 60 74 9 72
69 31 21 50 13 10 29 89 74 24 84 48 82 33 4 65 11 20 92 64 17 60 30 62 57 78
70 30 83 58 49 96 3 84 71 52 68 74 5 76 73 65 75 11 4 98 42 55 33 27 45 6 14 16 9 43 47
71 79 97 21 91 59 88 70 30 75 14 33 62 66 48 36 8 10 87 86 95 49 56 47 100
72 80 29 60 38 55 86 33 81 40 64 67 61 94 51 77 88 96 44 34 15 21 10 45 92 18 9 63 47 68 52
73 44 63 76 95 17 28 59 36 51 100 21 88 5 2 99 19 53 78 70 27 52 54 74 49 24 7
74 60 25 50 17 22 91 85 23 94 63 14 37 84 54 61 55 69 82 13 70 19 28 3 4 45 16 36 21 73 68 15
75 62 84 19 76 2 32 34 88 82 38 21 18 71 1 36 30 70 90 29 53 16 43 41 6 33 42
76 100 81 96 73 58 83 75 94 34 67 14 65 47 70 59 46 32 10 16 49 57 26 55 51 12 41 45 22 60 90 31 80
77 78 46 99 24 85 61 49 48 90 9 13 11 94 10 86 72 39 58 23 34 92 19 62 15 82 60 36 14 63 87
78 77 22 81 23 91 6 49 21 87 4 10 96 29 41 62 73 64 33 45 8 99 58 38 37 69
79 81 48 18 71 12 54 22 63 57 27 45 66 34 92 15 7 60 38 29 51 21 5 11 35 67 95 16
80 72 19 62 5 38 92 52 84 53 44 4 10 60 87 1 50 41 82 96 27 46 89 67 56 31 21 34 13 97 28 9 54 76 36
81 79 76 82 10 59 83 9 78 66 26 2 4 72 50 90 95 61 11 92 5 20 45 52
82 16 81 4 22 75 93 86 74 42 80 84 69 27 32 21 28 50 39 46 77 65 57 59 92
83 23 88 70 32 76 33 81 63 41 91 42 31 60 12 65 11 44 8 59 34 64 36 15 3 98 20 35 21 30 39 66 10
84 4 53 44 48 100 92 3 75 66 91 32 61 60 37 80 46 74 70 40 17 69 88 82 99 64 1 28 68 90 67 93 33 29
85 74 2 77 54 98 12 65 64 20 14 48 33 59 58 11 40 53 50 51 30 89 95 46 97 13 86 28
86 18 57 5 21 35 29 24 96 72 16 54 66 90 43 10 2 82 77 7 98 62 67 15 71 44 27 42 85 64 58 41 3 50 31
87 31 94 93 17 29 57 7 64 78 46 8 67 13 90 45 36 80 99 24 63 71 2 41 21 98 5 54 30 28 77 58 14 23
88 83 59 29 6 27 40 75 7 92 52 49 71 36 58 46 66 68 33 67 73 53 72 8 84 17 51 57 18 60 5 65 35 62 54 94 30 99 63
89 11 97 8 14 29 93 94 43 90 32 69 19 24 27 63 16 49 59 80 45 13 52 20 85 55 31 44 98 95 58 18
90 35 41 29 19 10 67 89 86 37 77 36 38 47 68 12 87 16 6 81 75 45 95 61 66 11 84 39 65 26 76
91 50 48 74 2 84 16 78 71 40 83 18 53 51 19 49 59 10 57 7 28 25 97 35 14 37 98 30 42 33 54 9
92 3 84 88 80 27 95 30 79 64 16 93 67 77 59 19 45 97 72 12 69 65 44 81 15 82 49
93 37 10 2 23 39 6 87 89 40 49 36 52 33 82 4 50 20 92 99 41 34 1 30 84 38 28 32
94 44 14 21 29 2 87 74 76 37 89 16 47 56 30 77 72 11 8 96 32 49 88 57 36 34 48 97
95 67 5 32 15 56 28 46 73 42 66 16 65 92 62 17 29 13 50 45 8 60 81 90 36 53 85 51 71 79 7 89 19
96 76 47 53 86 70 56 54 78 41 72 19 37 48 80 98 31 21 94 40 43 23 20 15 3 61
97 1 89 3 71 35 44 24 68 21 4 67 59 50 43 42 32 13 38 20 92 40 17 58 91 85 80 6 62 34 9 66 16 29 63 94
98 49 66 35 10 63 2 47 45 9 44 27 85 18 68 14 86 70 96 5 6 29 51 21 87 83 91 99 8 17 50 89 40 52 60
99 51 10 77 55 3 25 6 50 8 73 87 67 84 61 40 58 93 43 57 98 78 88 59
100 76 84 67 48 9 60 7 19 73 31 50 21 41 38 49 16 18 39 40 71

# liczność w kolejnych dniach
99 1 0
99 1 0
99 1 0
99 1 0
99 1 0
99 1 0
98 2 0
98 2 0
98 2 0
98 2 0
97 3 0
97 3 0
95 5 0
95 5 0
95 5 0
93 7 0
93 7 0
92 8 0
92 8 0
91 9 0
90 10 0
88 12 0
88 12 0
87 13 0
84 16 0
81 19 0
80 20 0
76 24 0
73 27 0
67 33 0
64 35 1
57 42 1
53 46 1
46 53 1
42 57 1
37 62 1
29 70 1
22 77 1
17 82 1
11 88 1
7 92 1
4 95 1
3 96 1
3 95 2
2 96 2
0 97 2
0 97 2
0 97 2
0 97 2
0 96 2
0 96 2
0 96 2
0 96 2
0 96 2
0 96 2
0 96 2
0 96 2
0 96 2
0 95 3
0 94 4
0 93 4
0 93 4
0 93 4
0 93 4
0 93 4
0 93 4
0 93 4
0 93 4
0 93 4
0 93 4
0 92 5
0 92 5
0 92 5
0 92 5
0 91 5
0 91 5
0 91 5
0 91 5
0 91 5
0 91 5
0 90 6
0 90 6
0 90 6
0 90 6
0 89 7
0 89 7
0 89 7
0 89 7
0 89 7
0 88 7
0 88 7
0 88 7
0 88 7
0 88 7
0 87 8
0 87 8
0 86 9
0 86 9
0 86 9
0 86 9
0 86 9